1343575473
1835023255
2581317865
147771227
223899308
1467225142
284797618
3957619598
235471992
1659993233
2395985805
759657687
3029145136
4224671661
3182457392
480097307
3454093612
2891775270
1713763794
2900727075
2114042547
2809418933
3214596531
4192358834
2280633102
3918630707
382735149
3754999524
3785916306
1998650581
2618586094
1794094357
2680552801
1319391904
1694226127
3062308864
3694535220
4117634978
3894662121
913977152
1439470845
2613595204
272676795
1222729217
1696823259
1921896987
1387308182
274172857
4040421403
3212029562
1563422561
1061615183
2282885671
352779853
1145766405
3213254793
3532979627
1075162784
1571048274
3927360037
2044118130
1150911636
570964345
120893936
321761917
657518939
1293288842
65440133
477553910
1827642
2164177959
1815886361
1225490190
704530079
1934001921
991013577
4099416591
3986469490
1117097718
3302480198
2472129007
4019211358
4281919838
327396577
2380430554
3564031614
1227808096
3777835840
734858610
2054430402
2493915116
1978121732
2694889329
3443588784
3022895003
443846716
1152729510
3394199662
2032465118
908130670
