1791095845
4282876139
3093770124
4005303368
491263
550290313
1298508491
4290846341
630311759
1013994432
396591248
1703301249
799981516
1666063943
1484172013
2876537340
1704103302
4018109721
2314200242
3634877716
1800426750
1345499493
2942995346
2252917204
878115723
1904615676
3771485674
986026652
117628829
2295290254
2879636018
3925436996
1792310487
1963679703
2399554537
1849836273
602957303
4033523166
850839392
3343156310
3439171725
3075069929
4158651785
3447817223
1346146623
398576445
2973502998
2225448249
3764062721
3715233664
3842306364
3561158865
365262088
3563119320
167739021
1172740723
729416111
254447594
3771593337
2879896008
422396446
2547196999
1808643459
2884732358
4114104213
1768615473
2289927481
848474627
2971589572
1243949848
1355129329
610401323
2948499020
3364310042
3584689972
1771840848
78547565
146764659
3221845289
2680188370
4247126031
2837408832
3213347012
1282027545
1204497775
1916133090
3389928919
954017671
443352346
315096729
1923688040
2015364118
3902387977
413056707
1261063143
3879945342
1235985687
513207677
558468452
2253996187
