1343575473
1835023255
2581317865
147771227
223899308
1467225142
284797618
3957619598
235471992
1659993233
2395985805
759657687
3029145136
4224671661
3182457392
480097307
3454093612
2891775270
1713763794
2900727075
2114042547
2809418933
3214596531
4192358834
2280633102
3918630707
382735149
3754999524
3785916306
1998650581
2618586094
1794094357
2680552801
1319391904
1694226127
3062308864
3694535220
4117634978
3894662121
913977152
1439470845
2613595204
272676795
1222729217
1696823259
1921896987
1387308182
274172857
4040421403
3212029562
1563422561
1061615183
2282885671
352779853
1145766405
3213254793
3532979627
1075162784
1571048274
3927360037
2044118130
1150911636
570964345
120893936
321761917
657518939
1293288842
65440133
477553910
1827642
2164177959
1815886361
1225490190
704530079
1934001921
991013577
4099416591
3986469490
1117097718
3302480198
2472129007
4019211358
4281919838
327396577
2380430554
3564031614
1227808096
3777835840
734858610
2054430402
2493915116
1978121732
2694889329
3443588784
3022895003
443846716
1152729510
3394199662
2032465118
908130670
3324799049
3887793496
2473501979
3524219044
1030417580
758973107
1141836263
1541074491
2591672180
2865752999
3363657533
3460023965
1516825745
1008301661
2794435219
2231588866
363274842
2647067455
2107973831
1820424173
3709533592
2506055711
1372335299
3018502828
590984148
2588456922
565690132
3765795132
2157935514
1401550062
440375267
3360751259
3450808010
1834393336
795833070
3959803011
3564745637
2393706985
1461554228
2021567683
833779473
2693846814
582531340
72796795
2213967834
1506109862
3470110590
3310376474
1807299989
1260814348
1235056770
561977921
1618543449
2706173297
3257912159
2438647983
1801205365
212085209
1935645766
4050291529
2808742346
3198426838
1600798297
1991406702
109389459
1203817211
3371236527
2961953394
57071899
1977989752
2063369825
1678295495
2574270142
744790022
1418328039
2256051559
3063087387
2578453276
682926039
957155471
2194224389
3068262744
796435373
661173075
3063720137
2585641388
2438377913
596893154
3066417851
1682352733
1651780131
587943577
451587600
3626796166
604773414
1865069887
1500338895
686641839
92263889
897924592
501163443
2988548429
2730602089
1113447099
1307608399
2523953852
3120850246
1737802759
2546044699
2005389097
3805429732
596836841
3019492753
3274588048
1409513644
347256204
96047580
2074155658
3138836376
1886669308
2950115096
2583820598
3494751715
3745357299
4246154027
3949711869
2959364954
468297866
3026810723
3386661701
43767544
749275935
745600531
2385046773
3245273307
274272201
253217362
1307915423
2564243234
2325546225
2274593649
1818942531
177514312
2396297148
2530697378
981368284
480461791
733245937
1032346534
1028416307
2037549690
2073236574
2370921449
1733216301
2781952753
2661539355
3568362705
57470111
2470369777
1043545433
1532031096
3594052802
2282655895
2961512905
291061571
2937080700
3066863618
559787180
2382919335
3822958137
4137681884
3066439707
1809571941
3559923301
1872113877
4150157062
3367352981
467777421
2781579279
3579068770
2848622128
1095146814
646156793
2552519037
391936904
1711652617
3335239783
2403092478
2167953341
2912604570
87946666
859695697
2109033993
3994860674
913956170
3806882931
2826313204
309880621
1619910006
2006729915
466284120
2456603926
1963875850
1199534611
2965760546
1040406641
3175901530
2998302983
1222416710
312642542
1186749485
2326619631
2433350858
278307936
1191746206
3263305448
562822305
2647898032
1091497012
3894525310
3624151715
2336394090
2930978931
33355565
680791801
1671492970
1843609556
1819239142
3543732550
216431431
1123938406
4151979310
1118121520
2997041141
1536464799
3246126004
1099926338
1166454912
272028063
916016795
251777982
153762407
4059268336
784320416
907642045
2789371808
1049308233
3744241099
3258350465
270391866
1274029925
2822326886
3220238488
924776513
3261603741
3744719145
2773467511
3289122683
2600818487
3846270713
688064801
1895725452
2046947024
2029426778
1476721663
1826495770
2478509009
2326309652
1184429759
2314808533
2705687164
4210627046
3652803444
1377892914
3542103423
1320965325
1331595766
2206044327
1107833138
4274239718
563327912
143793101
426257836
4088500751
769612564
2851023412
1281941317
51715977
1223160946
1665009867
1569192855
47503952
3779125258
2978144680
3640075261
3016685794
805830413
758889359
3406551793
4078537719
3956501888
867092490
1533988158
1803848907
3605429952
240357926
397513020
3945271064
2787872250
2127643535
2893681372
4027245228
814869481
1157687823
4040583079
3181866585
2698914405
716503845
3139594988
1974781245
2792748245
2454681369
288029686
3259160983
755079449
4276080627
296802253
1236512732
112432665
392100241
1052040895
879378403
3726860151
1348840181
979966058
3050949124
877140254
1972634498
2463734179
3850105967
2360310472
619839663
3196827191
805195082
660703414
3429424947
878115522
514313670
126466107
3889253344
3408783051
1104639314
2338985257
463640378
1597629135
1041544914
2657673256
3693921649
2206193106
1490876142
281010024
3941083176
2019977437
167313296
1895636162
50795346
1876416850
376699203
1724455661
3335068092
1144346463
753164596
3045712005
2965335667
335037953
388690835
3674301744
3025513640
1085980619
2655038640
2524024968
2451952845
3264236977
781922289
342793201
3092414788
1170586453
2717060001
2187381773
306933819
4172313798
1815509654
3368474313
2206180051
1516434290
2091810926
1430812655
1648496665
1863057107
1276677187
3315482153
867754275
2104334578
3049379198
782942400
1782487397
1521969705
1283652162
480134244
530988100
2359085015
2818448168
748031081
3571881181
2578106948
255172685
3712688602
1819888113
1797915764
2817459209
3994703042
925446392
4116165083
2127505893
994395790
1191197494
2352928302
852534553
3857008184
3483289726
3892862950
1452295878
2915799004
1555176917
2900635157
2053815118
451118333
3143556288
1356508080
3042569146
2079956200
1776442669
4256352666
1553251334
2904690206
2976042042
2939278227
1098164347
1898938892
2904078720
3582766742
1309518365
2228961616
3270423970
2794328042
2559942332
1879000913
3474196188
1074416555
4096684771
164954389
3103094493
1348012835
3858374055
3822727558
2336759327
873822785
942250984
1230168925
3193725378
2815113638
942651836
2166760133
1809398933
1831293376
2070818748
2070480781
137131321
3091102671
3369059426
3628911932
2612516798
4114999948
4134501951
2182275553
254859169
1892839059
959160748
367656238
3225047501
2841107536
4239662361
1756146193
3150167606
221022000
3807777593
4225312643
1616574905
4127982940
1262875561
4287423698
1072274008
2129237716
1353946167
3188925956
2198771866
1429021182
3552659018
1455307267
1547818254
3335346675
2140861193
1134355697
1831198188
381176429
3621033820
3432714512
2317575175
1241811446
2600925453
2791951416
3255513327
2683312285
1203239538
1685421362
523836786
3737435700
3850826017
149113765
2812203277
859031453
336159823
4028774124
2730270377
4261347751
2519955637
494693122
874682925
1382637226
2541644344
2449643671
2493693015
851154451
1295350287
1478263099
1289604144
3274734256
2526083487
946677683
3791199623
444919598
1215171319
1157439996
2546124004
2877357134
666927684
2124117613
2002220927
1729900775
1815330918
317284899
326986710
1863964763
4176939894
2575889687
1294887426
3147480258
1331637492
1521669219
415222567
1053897374
662475311
822626616
2074921184
106694654
902254896
679383492
2614959804
521259038
1841618124
2638001606
2796412535
1134427616
1593264517
4037786944
1663019511
2884397621
988018285
246988286
3289144672
2980366393
1921114145
2092412960
2081331112
2368244382
172503842
805564215
2946466068
1187143090
2267828905
575564549
1053603493
187754789
3885616330
308676400
3283420425
2654689518
536682739
1613642228
3622651835
962056007
2553785902
3745361264
3886172839
3954554318
2174428758
1971233359
3031993996
3667640676
3907810886
3296383589
1379423398
1566580391
2654738771
1281402954
221042362
2185883981
3991287884
3726189493
1104749229
1219987205
2463524778
1618733879
1833322637
1810675865
123193882
870645561
1105371225
2821857715
3037593631
264644018
2651536891
2279206937
4278811045
3067697332
3043874548
3858583078
2877229535
1035665329
967831632
703984891
2753713280
1979565711
796946295
1118035586
3029504245
2771061772
2846837532
1900347707
4263805427
3668751859
3249762352
1086380426
1891491476
3959369404
21584588
2626280953
532924341
1903669539
2442791989
2717004849
4205375617
1266199198
2975051120
4187086724
114800344
2723235082
303830936
3987419521
60328728
2424473665
1613901572
3738480741
1640781013
1283757582
1146429117
3935645996
601085069
3353391380
3883353441
1352011421
641518039
1284152367
3165385928
1034498787
4060556336
404448284
1268703889
2132666956
2082427741
3238875288
968796114
3276695195
1693913656
190097303
3261323496
393850507
1868823488
273595228
360178038
2505559538
4127343584
2972526025
194856095
268299965
4007225982
874853580
584534059
1714529483
4003650961
3339582726
3746723944
2702745546
2995230134
1054780659
318717445
1868043960
185122346
298055234
2970027077
255563172
934398425
215660354
610254659
1720946392
707505233
3556803699
107984397
1473010693
2945183332
515201977
3130812554
2890477122
1867413402
611110351
4037264110
19452625
337867549
2697617733
3676279694
426059518
2362442542
1367439045
2222741045
3411051143
3459231768
1592653102
3221535504
3024264306
2950780254
1731609786
1004276781
1378930462
1001220085
733186597
3844241614
3391883048
3198440693
2824206859
4095154179
3748131676
4100350990
3530147245
3590318553
3148307215
359093414
1788029474
1423630706
2524338209
2243437587
340755237
1635199141
3899932035
3358720401
561142608
2249302439
2128540512
533548265
2001648591
1450302617
2492074909
3592056936
1292650916
3109186307
3066329287
880883302
347973075
3742074425
3085977197
1078246711
74019563
587506518
1344298898
1869727398
3122330867
15611789
2908117787
2873780221
1999162395
2306825970
3102915349
1346630211
828243225
2926282854
1370484536
3380313532
4003766337
3029668895
2690268154
4071818588
1977171341
2127885506
4094074966
3753598277
2645735449
1012582329
372946442
3108538893
2407099760
3616988488
3770505759
4070691760
1569776106
3675197410
3787124160
748742291
1686167371
3362469615
2029950264
3474998230
3822760667
534629167
2649145202
3372657536
592463458
2343753800
4059138657
815402362
178410689
3760229025
3653036301
2689840331
1216931436
2310324951
2599358966
486169928
3021465392
2300160851
262920576
3792072312
4161627503
3098302281
3582584634
722537659
200050572
1690778241
2981283575
2998706865
3072970210
2910073735
464982410
2630804478
3964404450
1472129395
2926813352
2406606257
4051045484
218980047
2200088434
803810584
3447869643
3604736942
2375395433
2712478100
1421074187
3698968156
497992674
2481040607
592274137
1674193687
1136589579
184603654
2246046844
2844785063
313591621
459443426
4106505919
4228345431
2695273779
3304208741
