1608637542
3421126067
4083286876
787846414
3143890026
3348747335
2571218620
2563451924
670094950
1914837113
669991378
429389014
249467210
1972458954
3720198231
1433267572
2581769315
613608295
3041148567
2795544706
88409749
242285876
4165731073
3100961111
3575313899
4031053213
911989541
3344769
780932287
4261516219
787716372
2652062880
1306710475
2627030329
2253811733
30349564
1855189739
99052376
1250819632
2253890010
2627888186
1717389822
599121577
200427519
1254751707
4182248123
1573512143
999745294
1958805693
389151677
3372305070
2655947709
857592370
1642661739
2208620086
4222944499
2544401215
2004731384
199502978
3693415908
2609385266
2921898630
732395540
1934879560
279394470
56972561
4075432323
4046725720
4147358011
2419304461
3472040177
1655351289
1308306184
68574553
419498548
991681409
2938758483
1035196507
1890440558
2934594491
524150214
2619915691
2126768636
3578544903
147697582
744595490
3905501389
1679592528
1111451555
782698033
2845511527
3244252547
1338788865
1826030589
2233675141
893102645
2348102761
2438254339
793943861
134489564
